[gd_scene load_steps=4 format=2]

[ext_resource path="res://Scripts/Player.gd" type="Script" id=1]

[sub_resource type="CapsuleShape" id=1]
radius = 0.999914
height = 0.991728

[sub_resource type="CapsuleMesh" id=2]

[node name="Player" type="KinematicBody"]
collision_layer = 2
collision_mask = 2
script = ExtResource( 1 )

[node name="CollisionShape" type="CollisionShape" parent="."]
transform = Transform( 1, 0, 0, 0, -4.37114e-08, -1, 0, 1, -4.37114e-08, 0, 0, 0 )
shape = SubResource( 1 )

[node name="MeshInstance" type="MeshInstance" parent="."]
transform = Transform( 1, 0, 0, 0, -4.37114e-08, -1, 0, 1, -4.37114e-08, 0, 0, 0 )
mesh = SubResource( 2 )
material/0 = null

[node name="Camera_Point" type="Spatial" parent="."]
transform = Transform( -4.37116e-08, -0.573877, 0.818942, 6.93889e-17, 0.818941, 0.573877, -1, 2.50849e-08, -3.57971e-08, 0, 0, 0 )

[node name="Camera" type="Camera" parent="Camera_Point"]
transform = Transform( 0.999984, 5.60237e-08, 0.00572443, 0.00161092, 0.959585, -0.281416, -0.00549309, 0.28142, 0.959568, 4.47631e-07, 1.59808, 8.61525 )
far = 200.0

[node name="RayCast" type="RayCast" parent="Camera_Point/Camera"]
transform = Transform( 0.99997, -0.00572169, 0.00554279, 0.0057217, 0.0317434, -0.999481, 0.00554277, 0.99948, 0.0317737, 0.00600001, 0, -1.90735e-06 )
enabled = true
cast_to = Vector3( 0, -100, 0 )
collision_mask = 2
debug_shape_custom_color = Color( 0.705882, 0.109804, 0.109804, 1 )
debug_shape_thickness = 4.0
